x = 1 : 300;
y1 = [1.7520, 1.7127, 1.6524, 1.6681, 1.6377, 1.6437, 1.6397, 1.6322, 1.6377, 1.6104, 1.6162, 1.6126, 1.6183, 1.6130, 1.6048, 1.6065, 1.6042, 1.6063, 1.6180, 1.5851, 1.5992, 1.5768, 1.5997, 1.5761, 1.5962, 1.5684, 1.5509, 1.5901, 1.5377, 1.5536, 1.5240, 1.5483, 1.5420, 1.5163, 1.5348, 1.5273, 1.5658, 1.4787, 1.5079, 1.4949, 1.5003, 1.5168, 1.5325, 1.4720, 1.5046, 1.4990, 1.4711, 1.4802, 1.5022, 1.4621, 1.4954, 1.4653, 1.4513, 1.4520, 1.4324, 1.4678, 1.4446, 1.4852, 1.4771, 1.4224, 1.4338, 1.4969, 1.4309, 1.4607, 1.4573, 1.4332, 1.4465, 1.4172, 1.4519, 1.4058, 1.4329, 1.4394, 1.3902, 1.4603, 1.4432, 1.4329, 1.4293, 1.4178, 1.4191, 1.4221, 1.4345, 1.4155, 1.4265, 1.4235, 1.3881, 1.4258, 1.4138, 1.3960, 1.4040, 1.3948, 1.3817, 1.4173, 1.4147, 1.3886, 1.3852, 1.4100, 1.3686, 1.4059, 1.4151, 1.3885, 1.3853, 1.3765, 1.3656, 1.4399, 1.3875, 1.3992, 1.4295, 1.3459, 1.3647, 1.3831, 1.3559, 1.3580, 1.3845, 1.3646, 1.3854, 1.3908, 1.3444, 1.3670, 1.4112, 1.3682, 1.3865, 1.3292, 1.3702, 1.3317, 1.3768, 1.3538, 1.3462, 1.3750, 1.3447, 1.3782, 1.3253, 1.3670, 1.3522, 1.3635, 1.3688, 1.3252, 1.3060, 1.3746, 1.3252, 1.3346, 1.3014, 1.3447, 1.2975, 1.3353, 1.2962, 1.3125, 1.3257, 1.3236, 1.3752, 1.3040, 1.3197, 1.3384, 1.3425, 1.3009, 1.3323, 1.3434, 1.3004, 1.3584, 1.3132, 1.3413, 1.3155, 1.3162, 1.3242, 1.3141, 1.3365, 1.3095, 1.3027, 1.3003, 1.3077, 1.3186, 1.3195, 1.3264, 1.3193, 1.3353, 1.3150, 1.2919, 1.2986, 1.3182, 1.3065, 1.3498, 1.2615, 1.2947, 1.3015, 1.3047, 1.2892, 1.3062, 1.3015, 1.3104, 1.2511, 1.3151, 1.2870, 1.2525, 1.2783, 1.2714, 1.2836, 1.3052, 1.3082, 1.3689, 1.3180, 1.2902, 1.2722, 1.2963, 1.2865, 1.2840, 1.2623, 1.2800, 1.2968, 1.2849, 1.2701, 1.2869, 1.2908, 1.2693, 1.2961, 1.3049, 1.2637, 1.2701, 1.2946, 1.2784, 1.2528, 1.3018, 1.3062, 1.2457, 1.2878, 1.3007, 1.2507, 1.2927, 1.2907, 1.2632, 1.2892, 1.2590, 1.2706, 1.2540, 1.2678, 1.2941, 1.2713, 1.2667, 1.3269, 1.2445, 1.2577, 1.2929, 1.2900, 1.2723, 1.2994, 1.2738, 1.2753, 1.2355, 1.2166, 1.3225, 1.2619, 1.2777, 1.2491, 1.2826, 1.2391, 1.2533, 1.2516, 1.2297, 1.2458, 1.2777, 1.2557, 1.2555, 1.2433, 1.2504, 1.2358, 1.2345, 1.2571, 1.3044, 1.2227, 1.2594, 1.2392, 1.2762, 1.2560, 1.2157, 1.2252, 1.2967, 1.2825, 1.2120, 1.2049, 1.2297, 1.2568, 1.2673, 1.2537, 1.2931, 1.2409, 1.2220, 1.2675, 1.2454, 1.2144, 1.2882, 1.1871, 1.2506, 1.2632, 1.2489, 1.2595, 1.2541, 1.2450, 1.2436, 1.2438, 1.2607, 1.2527, 1.2665]
p1 = polyfit(x, y1, 7);
plot(x, y1, 'o');
hold on;
z1 = polyval(p1, x);
plot(x, z1);
hold on;
y2 = [0.2484, 0.288, 0.3143, 0.288, 0.312, 0.339, 0.3275, 0.327, 0.327, 0.331, 0.3468, 0.325, 0.3341, 0.334, 0.3547, 0.357, 0.338, 0.340, 0.343, 0.361, 0.353, 0.367, 0.3428, 0.341, 0.3555, 0.356, 0.373, 0.380, 0.401, 0.370, 0.3821, 0.376, 0.369, 0.396, 0.375, 0.388, 0.3515, 0.411, 0.361, 0.406, 0.3877, 0.404, 0.379, 0.414, 0.377, 0.394, 0.399, 0.409, 0.388, 0.412, 0.419, 0.424, 0.429, 0.436, 0.434, 0.396, 0.439, 0.424, 0.405, 0.441, 0.429, 0.417, 0.429, 0.416, 0.4141, 0.442, 0.4228, 0.445, 0.432, 0.431, 0.430, 0.439, 0.461, 0.405, 0.4233, 0.429, 0.461, 0.432, 0.4383, 0.451, 0.427, 0.441, 0.442, 0.439, 0.4640, 0.443, 0.4581, 0.461, 0.4648, 0.455, 0.4648, 0.447, 0.4418, 0.454, 0.469, 0.445, 0.473, 0.429, 0.456, 0.467, 0.4410, 0.469, 0.457, 0.441, 0.447, 0.444, 0.418, 0.462, 0.484, 0.454, 0.485, 0.462, 0.477, 0.466, 0.4624, 0.465, 0.466, 0.441, 0.441, 0.473, 0.4481, 0.464, 0.456, 0.480, 0.456, 0.471, 0.476, 0.471, 0.476, 0.464, 0.470, 0.481, 0.469, 0.463, 0.4735, 0.481, 0.488, 0.460, 0.4782, 0.487, 0.494, 0.471, 0.512, 0.465, 0.506, 0.507, 0.490, 0.479, 0.469, 0.496, 0.4850, 0.483, 0.479, 0.496, 0.4897, 0.482, 0.513, 0.478, 0.492, 0.491, 0.503, 0.504, 0.485, 0.485, 0.471, 0.475, 0.505, 0.502, 0.5000, 0.496, 0.4842, 0.484, 0.503, 0.470, 0.479, 0.492, 0.494, 0.484, 0.475, 0.485, 0.5297, 0.489, 0.4988, 0.498, 0.503, 0.504, 0.5036, 0.487, 0.527, 0.514, 0.505, 0.511, 0.504, 0.513, 0.5119, 0.512, 0.499, 0.477, 0.4869, 0.511, 0.520, 0.499, 0.503, 0.503, 0.5241, 0.507, 0.488, 0.507, 0.528, 0.511, 0.507, 0.515, 0.485, 0.492, 0.517, 0.496, 0.507, 0.513, 0.5071, 0.490, 0.505, 0.530, 0.491, 0.500, 0.542, 0.498, 0.499, 0.523, 0.5087, 0.515, 0.517, 0.511, 0.523, 0.486, 0.522, 0.518, 0.490, 0.518, 0.519, 0.513, 0.502, 0.511, 0.506, 0.511, 0.509, 0.527, 0.546, 0.500, 0.514, 0.501, 0.5198, 0.509, 0.533, 0.522, 0.534, 0.532, 0.5154, 0.523, 0.528, 0.526, 0.514, 0.529, 0.526, 0.513, 0.526, 0.491, 0.5348, 0.531, 0.543, 0.521, 0.518, 0.540, 0.533, 0.511, 0.506, 0.539, 0.530, 0.520, 0.525, 0.515, 0.5384, 0.510, 0.5348, 0.536, 0.529, 0.524, 0.542, 0.493, 0.553, 0.512, 0.507, 0.520, 0.515, 0.509, 0.5194, 0.521, 0.524, 0.523, 0.522, 0.5075]
p2 = polyfit(x, y2, 7);
plot(x, y2, 'o');
hold on;
z2 = polyval(p2, x);
plot(x, z2);
